-52 69 21 0
-50 68 15 0
-50 66 9 0
-44 66 7 0
-40 66 11 0
-57 66 7 0
-41 66 3 0
-37 66 2 0
-34 68 16 0
-27 67 23 1
-19 67 26 1
-11 66 29 1
-5 66 30 1
1 66 27 1
4 67 23 1
8 67 17 1
10 67 11 1
12 68 6 1
11 68 -1 1
9 67 -5 4
7 67 -12 4
5 67 -19 4
1 67 -19 4
-6 67 -18 4
-12 67 -20 4
-18 67 -23 4
-24 67 -26 4
-29 68 -21 0
-34 68 -16 0
-38 67 -12 0
-41 66 -9 0
-41 66 -4 0
-47 67 -3 0
-47 67 3 0
-50 67 2 0
-59 66 2 0
-60 66 -4 0
-60 66 -10 0
-55 66 -9 0
-53 67 -3 0
-54 67 2 0
-62 66 12 0
-65 65 16 0
-68 65 19 0
-73 66 24 2
-80 65 31 2
-85 64 38 2
-87 61 47 2
-89 60 54 2
-91 59 61 2
-95 58 64 2
-102 56 70 2
-85 60 59 2
-78 59 59 2
-73 57 56 2
-75 56 50 2
-72 54 45 2
-67 52 43 2
-61 50 44 2
-60 48 50 2
-63 46 55 2
-65 44 50 2
-68 42 45 2
-73 41 41 2
-76 41 36 2
-80 41 29 2
-87 41 24 2
-96 41 23 2
-102 41 24 2
-102 41 30 2
-103 41 37 2
-105 41 44 2
-107 41 52 2
-104 41 58 2
-98 41 63 2
-91 40 68 2
-84 40 69 2
-76 40 66 2
-71 41 62 2
-70 41 54 2
-71 41 49 2
-104 41 20 2
-110 43 19 2
-116 44 18 2
-123 46 16 2
-129 48 16 2
-134 50 18 2
-138 52 22 2
-140 54 28 2
-139 56 34 2
-137 58 39 2
-134 61 46 2
-130 61 51 2
-127 61 58 2
-122 61 53 2
-119 61 47 2
-112 61 43 2
-107 61 37 2
-100 63 36 2
-94 64 37 2
-90 64 39 2
-113 61 38 2
-119 61 38 2
-122 59 35 2
-125 44 34 2
-122 44 30 2
-117 44 25 2
-114 44 30 2
-107 42 31 2
-126 43 41 2
-122 41 50 2
-115 41 47 2
-110 41 46 2
-125 41 56 2
-124 40 63 2
-122 40 70 2
-118 40 76 2
-111 40 80 2
-103 40 78 2
-96 40 75 2
-92 40 72 2
-90 42 77 2
-91 45 84 2
-95 48 90 2
-101 50 91 2
-107 52 90 2
-109 54 85 2
-110 55 81 2
-110 55 74 2
-116 55 77 2
-123 55 77 2
-128 56 74 2
-131 58 69 2
-130 60 63 2
-131 55 82 2
-110 63 31 2
-108 64 26 2
-107 64 18 2
-107 64 9 2
-108 66 3 2
-111 67 -4 2
-114 68 -9 2
-115 69 -17 2
-113 70 -24 3
-110 71 -29 3
-106 72 -33 3
-102 73 -38 3
-96 73 -43 3
-90 73 -46 3
-87 71 -42 3
-84 70 -38 3
-79 68 -35 3
-76 67 -30 3
-74 66 -24 3
-68 67 -18 0
-12 66 35 1
-16 67 45 1
-21 67 53 1
7 66 30 1
12 67 35 1
20 68 41 1
24 68 47 1
23 68 55 1
19 69 58 1
11 68 62 1
3 68 62 1
7 68 57 1
2 66 52 1
1 64 47 1
8 62 47 1
14 60 47 1
19 58 46 1
25 57 45 1
30 57 42 1
28 59 36 1
25 61 32 1
21 63 27 1
17 65 26 1
13 66 27 1
20 57 41 1
18 55 35 1
14 53 32 1
10 52 29 1
5 51 34 1
2 51 38 1
1 50 42 1
2 48 48 1
5 48 53 1
7 49 57 1
10 50 58 1
16 52 59 1
21 52 56 1
26 53 54 1
24 56 50 1
23 68 63 1
24 74 66 1
22 77 70 1
21 88 71 1
21 100 71 1
20 108 71 1
19 112 77 1
22 111 81 1
19 111 87 1
15 110 84 1
14 111 80 1
12 110 75 1
7 107 69 1
0 103 67 1
-6 100 65 1
-11 100 64 1
-15 101 62 1
-18 104 62 1
-21 106 60 1
-24 108 56 1
-27 109 54 1
-30 109 52 1
-34 110 52 1
-38 111 52 1
-42 112 53 1
-44 112 57 1
-41 111 63 1
-37 111 63 1
-33 112 64 1
-27 113 64 1
-23 115 63 1
-22 118 61 1
-23 121 58 1
-26 125 59 1
-30 126 59 1
-38 124 59 1
-42 122 58 1
-43 119 58 1
-52 92 54 1
-57 93 52 1
-63 96 51 2
-68 97 48 2
-70 93 47 2
-73 87 46 2
-81 86 48 2
-83 78 49 2
-88 72 47 2
-91 72 44 2
-95 75 38 2
-96 82 36 2
-103 82 35 2
-109 82 32 2
-113 82 27 2
-115 82 20 2
-115 85 17 2
-114 89 16 2
-117 91 13 2
-119 94 20 2
-123 95 26 2
-130 96 28 2
-138 95 29 2
-140 96 32 2
-141 100 30 2
-137 102 27 2
-140 103 26 2
-141 105 24 2
-141 108 21 2
-137 109 20 2
-133 109 14 2
-127 109 16 2
-130 109 20 2
-124 107 21 2
-121 105 17 2
-116 105 18 2
-111 108 21 2
-105 107 21 2
-100 106 18 2
-110 92 13 2
-105 94 15 2
-98 95 17 2
-93 94 23 2
-97 95 27 2
-101 95 25 2
-104 95 21 2
-99 96 22 2
-121 95 13 2
-127 95 8 2
-134 95 7 2
-141 95 11 2
-144 96 17 2
-142 95 25 2
-136 108 25 2
-132 108 25 2
-96 107 17 2
-93 110 14 2
-90 110 16 2
-87 108 13 2
-88 92 10 2
-92 92 11 2
-87 89 6 2
-87 78 2 3
-86 75 0 3
-84 66 -6 3
-84 66 -13 3
-84 68 -20 3
-80 67 -27 3
-71 67 -30 3
-69 67 -34 3
-83 75 -52 3
-78 73 -57 3
-74 73 -60 3
-72 74 -65 3
-73 75 -70 3
-75 75 -75 3
-73 74 -81 3
-74 75 -87 3
-77 77 -94 3
-75 78 -98 3
-80 77 -101 3
-85 77 -106 3
-91 78 -107 3
-96 78 -106 3
-101 78 -106 3
-107 79 -107 3
-112 79 -108 3
-118 80 -106 3
-122 81 -101 3
-123 82 -95 3
-119 81 -87 3
-125 82 -89 3
-120 81 -82 3
-121 81 -73 3
-118 81 -66 3
-112 81 -68 3
-104 80 -72 3
-100 80 -76 3
-101 80 -85 3
-108 80 -88 3
-106 80 -81 3
-111 81 -76 3
-99 80 -67 3
-98 79 -60 3
-96 77 -53 3
-92 75 -49 3
-103 79 -58 3
-108 79 -54 3
-108 80 -48 3
-105 81 -44 3
-99 82 -40 3
-100 80 -45 3
-96 74 -47 3
-69 67 -39 3
-68 67 -43 3
-98 83 -35 3
-98 84 -30 3
-97 85 -26 3
-97 87 -20 3
-100 88 -16 3
-105 89 -17 3
-102 89 -10 3
-106 89 -6 3
-110 89 0 3
-114 89 6 3
-115 89 11 2
-98 92 8 2
-101 92 3 3
-106 90 0 3
-105 92 8 2
-110 91 8 2
-71 53 -43 3
-72 43 -44 3
-78 44 -48 3
-87 42 -51 3
-95 45 -48 3
-103 48 -48 3
-102 48 -54 3
-99 48 -57 3
-96 47 -57 3
-83 47 -40 3
-88 48 -29 3
-84 49 -23 3
-69 36 -41 3
-76 36 -45 3
-83 34 -40 3
-86 36 -34 3
-80 41 -30 3
-76 40 -31 3
-75 49 -53 3
-71 51 -63 3
-76 52 -68 3
-82 52 -71 3
-60 67 -34 3
-64 67 -7 0
-63 73 -10 0
-60 77 -12 0
-54 75 -11 0
-51 77 -8 0
-51 80 -3 0
-45 77 -6 0
-43 78 -1 0
-44 77 5 0
-50 78 7 0
-57 77 4 0
-57 78 -2 0
-55 77 -6 0
-50 82 0 0
-26 67 -33 4
-31 67 -40 4
-40 67 -44 4
-49 67 -47 4
-52 67 -55 4
-51 69 -62 0
-51 71 -69 3
-52 73 -75 3
-59 74 -79 3
-67 74 -81 3
-34 67 -49 4
-34 67 -57 4
-33 69 -62 4
-32 70 -69 4
-32 70 -75 4
-31 71 -80 4
-25 71 -88 4
-18 71 -92 4
-10 70 -91 4
-5 70 -96 4
2 70 -100 4
8 70 -94 4
2 70 -89 4
14 70 -92 4
19 70 -88 4
22 71 -81 4
24 71 -72 4
26 70 -65 4
26 70 -56 4
22 70 -51 4
20 70 -44 4
26 70 -38 4
34 70 -40 4
16 70 -41 4
13 69 -35 4
4 70 -37 4
-4 70 -39 4
-9 70 -36 4
-13 70 -33 4
-18 68 -28 4
-16 70 -39 4
-20 70 -43 4
-29 68 -45 4
17 69 -29 4
23 69 -23 4
29 69 -18 4
32 69 -23 4
40 69 -23 4
47 69 -24 4
49 69 -21 4
48 55 -17 4
42 53 -25 4
36 51 -25 4
32 50 -22 4
33 50 -14 4
27 51 -22 4
22 52 -25 4
15 51 -26 4
8 49 -27 4
2 47 -27 4
37 50 -16 4
38 63 -16 4
44 69 -16 4
40 64 -14 4
37 69 -16 4
40 69 -13 4
41 69 -18 4
18 69 -20 4
11 67 -19 4
2 68 -26 4
0 69 -29 4
-3 70 -33 4
-4 70 -46 4
-8 70 -52 4
-9 70 -57 4
-14 70 -54 4
-3 70 -57 4
1 70 -54 4
6 70 -54 4
10 70 -56 4
11 70 -62 4
9 70 -67 4
9 70 -72 4
9 70 -75 4
5 70 -76 4
1 70 -81 4
-5 70 -81 4
-11 70 -80 4
-13 70 -75 4
-11 70 -70 4
-6 70 -70 4
-1 70 -69 4
3 70 -71 4
3 70 -66 4
3 70 -61 4
0 69 -64 4
7 70 -64 4
-4 67 -64 4
-9 70 -64 4
-13 70 -64 4
-11 70 -61 4
-11 70 -67 4
-17 70 -64 4
-20 70 -64 4
-20 70 -59 4
-18 70 -56 4
-20 70 -69 4
-18 70 -74 4
-18 70 -77 4
-4 64 -59 4
-4 62 -55 4
-2 62 -51 4
3 62 -51 4
8 62 -52 4
11 62 -56 4
15 62 -54 4
19 62 -57 4
20 61 -62 4
17 63 -63 4
17 65 -65 4
19 67 -65 4
19 70 -62 4
18 71 -58 4
15 72 -59 4
-9 61 -50 4
-4 73 -63 4
-12 78 -64 4
5 78 -64 4
7 78 -68 4
9 78 -73 4
10 78 -79 4
10 78 -67 4
12 78 -64 4
17 78 -67 4
17 78 -63 4
10 78 -60 4
12 78 -56 4
13 78 -50 4
6 78 -58 4
5 78 -53 4
2 78 -69 4
1 78 -74 4
0 78 -79 4
-2 78 -83 4
-8 78 -83 4
-1 78 -68 4
-7 78 -68 4
-12 78 -69 4
-12 78 -74 4
-13 78 -78 4
-20 78 -78 4
-22 78 -81 4
-13 78 -83 4
-16 78 -68 4
-21 78 -68 4
-21 78 -64 4
-19 78 -59 4
-21 78 -54 4
-21 78 -50 4
-15 78 -57 4
-14 78 -53 4
-13 78 -61 4
-8 80 -75 4
-8 86 -73 4
-10 86 -67 4
-11 86 -62 4
-6 86 -60 4
-4 86 -56 4
-4 86 -49 4
-2 86 -61 4
2 86 -65 4
1 86 -71 4
-4 86 -71 4
4 86 -74 4
-31 72 -60 4
-31 74 -57 4
-31 75 -54 4
-32 76 -51 4
-37 78 -51 4
-39 80 -58 4
-41 82 -63 4
-39 85 -63 4
-34 87 -67 4
-34 87 -75 4
-29 85 -64 4
-27 89 -65 4
-26 93 -67 4
-19 95 -68 4
-14 95 -60 4
-7 95 -57 4
-4 96 -52 4
-4 96 -46 4
-4 96 -42 4
-2 95 -58 4
3 95 -62 4
11 95 -62 4
14 95 -66 4
7 95 -70 4
2 95 -74 4
-5 95 -78 4
-11 95 -76 4
-14 95 -71 4
-11 95 -68 4
-6 95 -66 4
-1 95 -66 4
-8 83 -34 4
-10 83 -29 4
-7 81 -26 4
-4 82 -24 4
-3 81 -21 4
-3 80 -16 4
-11 80 -13 4
-15 79 -10 4
-2 81 -13 4
2 83 -11 4
5 85 -8 4
12 86 -5 4
7 84 0 1
4 84 -4 4
15 86 -8 4
19 86 -12 4
22 85 -7 4
20 86 -2 4
16 86 2 1
13 88 5 1
10 90 10 1
26 85 -4 4
30 83 -4 4
28 80 -1 1
21 81 1 1
14 82 0 1
9 83 3 1
5 82 8 1
1 82 10 1
-5 78 11 1
-4 80 17 1
0 78 17 1
-9 78 7 1
-14 77 9 1
-16 77 13 1
-16 74 17 1
-19 67 20 1
27 80 6 1
32 79 2 1
36 75 1 4
31 74 6 1
41 74 0 4
46 73 -2 4
49 73 -4 4
51 56 -5 4
48 56 -4 4
-18 67 58 1
-14 67 62 1
-8 67 66 1
0 68 64 1
-27 68 56 1
-35 68 58 1
-43 66 59 2
-50 64 60 2
-56 62 59 2
-62 60 58 2
-68 58 57 2
28 81 68 1
30 82 62 1
25 79 58 1
22 77 55 1
18 78 53 1
16 79 49 1
17 80 45 1
13 81 41 1
9 85 39 1
7 88 44 1
2 89 44 1
-2 90 44 1
7 89 46 1
12 90 45 1
13 89 52 1
17 88 55 1
23 90 60 1
26 89 61 1
23 89 68 1
20 89 63 1
16 88 59 1
15 82 64 1
16 81 71 1
14 81 76 1
9 83 76 1
3 83 77 1
-6 86 76 1
-10 84 77 1
-13 87 82 1
-11 85 72 1
-16 83 68 1
-18 85 65 1
-21 86 60 1
-24 83 52 1
-26 81 47 1
-26 80 42 1
-19 80 42 1
-13 78 45 1
-7 77 48 1
-1 77 52 1
3 77 57 1
7 77 56 1
13 79 55 1
0 76 47 1
2 75 41 1
1 71 34 1
-3 69 34 1
-8 67 37 1
-25 80 35 1
-25 87 35 1
-25 92 35 1
-27 96 34 1
-32 96 36 1
-28 96 29 1
-23 97 29 1
-18 98 25 1
-16 99 21 1
-15 99 15 1
-11 100 13 1
-7 96 10 1
-3 90 7 1
-2 90 1 1
-7 91 -4 4
-11 92 -11 4
-6 90 -14 4
-3 90 -9 4
3 89 -2 1
5 90 9 1
14 89 13 1
17 85 19 1
17 86 26 1
23 87 27 1
27 89 32 1
30 88 37 1
34 86 41 1
37 88 45 1
38 91 48 1
41 93 52 1
40 91 59 1
33 90 63 1
45 91 56 1
34 81 44 1
32 81 49 1
35 80 55 1
31 81 57 1
29 78 45 1
26 77 42 1
23 77 36 1
19 75 35 1
38 77 40 1
35 75 28 1
34 73 24 1
31 70 20 1
30 73 15 1
29 77 13 1
5 80 13 1
7 81 18 1
11 82 21 1
13 84 24 1
-23 67 30 1
-24 71 35 1
-24 77 35 1
-35 92 40 1
-38 89 44 1
-42 91 45 1
-45 90 48 1
-48 91 50 1
-57 92 57 1
-61 95 61 1
-64 94 68 2
-66 95 59 2
-68 99 54 2
-59 98 71 2
-56 99 76 2
-58 97 80 2
-65 97 84 2
-70 95 88 2
-76 95 91 2
-80 94 89 2
-82 87 86 2
-77 87 82 2
-73 87 78 2
-68 87 72 2
-64 87 74 2
-70 87 83 2
-71 87 87 2
-74 87 91 2
-84 86 90 2
-88 83 94 2
-93 80 96 2
-98 78 95 2
-100 78 92 2
-105 75 90 2
-107 72 88 2
-110 68 86 2
-115 71 84 2
-120 70 82 2
-128 69 83 2
-132 69 88 2
-136 72 88 2
-139 75 84 2
-142 78 87 2
-135 75 79 2
-134 74 73 2
-134 72 67 2
-136 75 63 2
-137 78 61 2
-140 82 60 2
-143 84 60 2
-150 83 60 2
-154 83 56 2
-156 84 51 2
-161 84 47 2
-162 84 43 2
-158 84 37 2
-152 86 38 2
-147 89 39 2
-141 90 37 2
-135 93 33 2
-109 93 18 2
-106 92 27 2
-105 88 33 2
-111 82 36 2
-112 82 44 2
-111 82 52 2
-108 82 55 2
-110 85 58 2
-110 87 61 2
-111 88 67 2
-115 89 70 2
-119 88 73 2
-126 87 75 2
-131 88 75 2
-136 87 75 2
-137 90 70 2
-143 91 69 2
-147 89 68 2
-148 86 64 2
-141 90 65 2
-139 88 61 2
-135 91 59 2
-130 91 58 2
-124 89 55 2
-121 88 52 2
-119 87 55 2
-115 86 55 2
-112 85 56 2
-116 82 40 2
-121 83 38 2
-125 82 36 2
-129 82 34 2
-104 85 49 2
-103 84 42 2
-108 82 40 2
-87 60 64 2
-83 61 65 2
-79 61 65 2
-78 58 62 2
-79 66 66 2
-77 72 67 2
-75 72 71 2
-73 70 77 2
-74 68 85 2
-77 67 89 2
-77 76 67 2
-76 82 67 2
-73 86 70 2
-82 67 89 2
-85 67 85 2
-86 68 78 2
-91 67 83 2
-91 67 88 2
-92 67 75 2
-97 67 86 2
-73 66 34 2
-30 79 44 1
-36 78 44 1
-40 77 44 1
-44 80 47 1
-45 80 54 1
-46 80 58 1
-46 84 61 1
-41 87 62 1
-37 82 67 1
-35 80 71 1
-29 78 77 1
-35 77 74 1
-38 69 76 1
-43 69 83 1
-50 68 88 1
-54 66 88 1
-57 63 93 1
-61 63 98 1
-68 60 102 1
-74 60 103 1
-81 62 102 1
-77 66 23 2
-74 65 15 2
-77 65 12 2
-76 58 11 2
-73 57 15 2
-166 84 45 2
-172 84 47 2
-178 81 50 2
-181 81 55 2
-179 78 63 2
-175 79 67 2
-168 77 70 2
-163 74 70 2
-159 73 73 2
-156 69 74 2
-152 71 76 2
-151 74 81 2
-148 76 84 2
-147 80 88 2
-148 81 93 2
-146 81 98 2
-141 83 96 2
-138 81 93 2
-138 76 89 2
-132 70 70 2
-125 40 74 2
-133 39 79 2
-137 39 85 2
-139 39 80 2
-138 39 75 2
-133 42 48 2
-78 90 72 2
-83 91 71 2
-88 89 73 2
-95 90 74 2
-101 89 80 2
-103 86 84 2
-106 78 97 2
-108 78 100 2
-109 81 99 2
-109 83 93 2
-114 85 89 2
-122 85 87 2
-130 84 91 2
-132 82 94 2
-132 80 98 2
-136 79 96 2
-143 85 92 2
-140 85 87 2
-143 87 82 2
-147 89 78 2
-150 87 72 2
-130 92 5 2
-128 89 4 2
-125 88 -1 3
-121 90 -2 3
-116 92 -3 3
-116 95 -8 3
-117 98 -12 3
-114 101 -15 3
-112 104 -20 3
-112 105 -26 3
-111 108 -31 3
-116 111 -28 3
-120 115 -27 3
-124 116 -32 3
-126 115 -39 3
-130 114 -43 3
-132 109 -49 3
-131 104 -56 3
-128 104 -60 3
-127 104 -64 3
-125 107 -67 3
-122 110 -71 3
-116 109 -73 3
-111 109 -74 3
-106 109 -72 3
-102 104 -75 3
-96 100 -75 3
-93 96 -73 3
-89 93 -70 3
-84 87 -67 3
-98 101 -68 3
-102 101 -67 3
-109 100 -66 3
-114 98 -66 3
-119 96 -63 3
-121 95 -56 3
-123 95 -50 3
-124 95 -42 3
-122 93 -34 3
-116 91 -26 3
-111 90 -21 3
-93 102 -82 3
-97 100 -87 3
-100 100 -91 3
-107 102 -92 3
-108 105 -89 3
-111 107 -85 3
-115 109 -82 3
-115 109 -78 3
-120 106 -80 3
-126 106 -79 3
18 108 68 1
14 110 69 1
20 106 65 1
22 108 63 1
25 110 60 1
21 111 57 1
17 113 57 1
14 113 59 1
11 114 59 1
9 116 54 1
11 117 51 1
15 117 46 1
13 114 40 1
10 116 37 1
9 116 32 1
9 113 27 1
10 113 20 1
10 112 17 1
5 114 25 1
-1 114 24 1
-4 113 18 1
-2 109 15 1
3 106 17 1
-9 109 17 1
-12 109 21 1
-17 108 21 1
3 117 55 1
0 119 52 1
1 121 47 1
0 121 43 1
-4 118 43 1
-8 120 46 1
-5 120 51 1
-12 117 45 1
-14 117 48 1
-18 117 55 1
-19 118 49 1
-18 117 44 1
-19 116 40 1
-24 116 40 1
-26 116 45 1
-23 116 45 1
-24 111 51 1
-22 113 47 1
-9 118 40 1
0 120 39 1
5 118 36 1
4 109 29 1
3 108 35 1
4 105 41 1
3 102 45 1
-88 71 39 2
-89 62 43 2
-137 62 53 2
-142 63 51 2
-139 62 49 2
-148 62 51 2
-157 61 52 2
-160 61 57 2
-165 61 59 2
-163 61 64 2
-158 61 60 2
-160 61 48 2
-166 61 49 2
-166 61 54 2
-123 92 -28 3
-126 87 -30 3
-122 80 -34 3
-122 79 -41 3
-128 79 -42 3
-131 79 -46 3
-135 79 -51 3
-132 79 -57 3
-125 79 -55 3
-122 79 -50 3
-122 79 -45 3
-119 109 -21 3
-117 106 -18 3
-102 93 11 2
-90 91 3 3
-91 93 -2 3
-97 93 -5 3
-102 91 -4 3
-28 86 -75 4
-25 85 -79 4
-25 85 -84 4
-27 85 -90 4
-29 84 -94 4
-34 82 -99 4
-30 82 -104 4
-25 84 -102 4
-21 86 -97 4
-20 86 -93 4
-13 87 -92 4
-7 85 -87 4
0 85 -87 4
5 85 -87 4
9 86 -86 4
14 85 -84 4
17 85 -84 4
23 84 -83 4
26 86 -78 4
21 85 -76 4
17 85 -78 4
21 85 -71 4
21 85 -62 4
21 85 -56 4
17 87 -55 4
15 88 -49 4
15 91 -57 4
-8 91 -84 4
-7 95 -83 4
14 96 -60 4
18 84 -47 4
22 82 -46 4
25 82 -44 4
24 81 -39 4
27 78 -34 4
20 80 -35 4
18 79 -32 4
22 78 -31 4
18 77 -33 4
27 79 -30 4
31 78 -29 4
35 78 -26 4
40 78 -24 4
42 78 -19 4
44 79 -12 4
42 79 -3 4
-154 82 66 2
-159 79 69 2
-125 90 39 2
-101 83 59 2
-95 83 55 2
-95 84 49 2
-94 83 43 2
-97 85 41 2
-121 89 48 2
-122 90 44 2
-129 90 37 2
-134 91 37 2
-84 91 15 2
-85 92 20 2
-7 109 14 1
-14 110 17 1
-113 52 16 2
-115 53 12 2
-122 54 11 2
-127 56 12 2
-131 56 15 2
-123 61 10 2
-122 61 14 2
-118 61 11 2
-127 61 12 2
-128 56 20 2
-128 46 23 2
-127 44 27 2
-112 64 22 2
-118 64 22 2
-124 64 22 2
-128 64 22 2
-134 64 22 2
-140 64 22 2
-142 64 25 2
-140 64 28 2
-134 64 28 2
-130 64 28 2
-126 64 28 2
-122 64 28 2
-118 64 28 2
-114 64 28 2
-90 88 90 2
-93 89 89 2
-98 89 86 2
-50 69 22 0
-31 68 19 0
-71 66 -21 0
-115 69 -19 3
-115 69 -18 0
-39 67 58 2
-21 67 47 1
-22 67 43 1
-24 67 35 1
-35 88 44 1
-60 94 51 2
-49 89 67 1
-53 98 71 2
-52 90 63 1
-55 90 59 1
-48 88 62 1
-45 87 65 1
-38 88 59 1
-34 85 56 1
-29 83 53 1
-28 81 54 1
-13 73 42 1
1 70 30 1
22 81 17 1
23 83 14 1
23 83 12 1
22 79 8 1
22 80 4 1
24 81 6 1
27 77 10 1
24 78 9 1
24 79 18 1
27 76 18 1
13 86 -3 4
8 85 -2 4
11 86 -2 4
14 85 2 1
15 81 -4 1
15 81 -8 4
14 80 -12 4
9 78 -14 4
5 79 -14 4
4 80 -16 4
0 80 -16 4
9 73 -17 4
16 77 -15 4
18 82 -14 4
17 81 -10 4
18 82 -12 4
17 83 -15 4
21 86 -13 4
23 88 -17 4
25 86 -19 4
50 72 -5 4
30 70 12 1
32 69 14 1
32 72 17 1
28 76 15 1
47 56 -7 4
-1 62 9 0
-51 68 -59 4
-51 70 -66 3
-26 90 -61 4
-28 90 -56 4
-32 89 -52 4
-34 90 -49 4
-38 87 -44 4
-44 87 -42 4
-45 85 -48 4
-41 85 -52 4
-38 87 -51 4
-34 88 -53 4
-40 86 -47 4
-49 89 -49 3
-53 91 -53 3
-57 91 -57 3
-57 87 -63 3
-58 84 -67 3
-58 86 -71 3
-58 84 -76 3
-57 85 -80 3
-54 89 -83 3
-51 92 -80 3
-50 96 -74 3
-47 100 -70 3
-48 99 -63 3
-50 94 -56 3
-47 97 -56 4
-44 98 -62 4
-44 99 -69 4
-43 97 -75 4
-40 97 -54 4
-40 98 -59 4
-37 98 -61 4
-38 97 -72 4
-38 96 -77 4
-35 93 -82 4
-41 94 -85 4
-38 93 -90 4
-35 92 -92 4
-33 92 -88 4
-29 91 -87 4
-31 90 -93 4
-31 92 -81 4
26 83 -73 4
30 82 -67 4
35 81 -62 4
23 84 -54 4
23 81 -52 4
21 80 -49 4
24 81 -47 4
26 82 -49 4
27 82 -23 4
44 79 -30 4
40 79 -33 4
36 78 -31 4
48 80 -12 4
52 81 -14 4
55 79 -16 4
52 81 -10 4
54 77 -9 4
-66 71 -79 3
-62 71 -77 3
-17 70 -59 4
-23 70 -69 4
-22 71 -72 4
-23 72 -75 4
10 70 -78 4
-4 71 -76 4
-6 72 -79 4
-4 72 -85 4
-23 81 -54 4
-23 80 -57 4
-25 80 -56 4
19 81 -72 4
17 79 -70 4
16 81 -75 4
17 81 -73 4
15 81 -56 4
14 78 -56 4
15 80 -53 4
17 80 -52 4
6 86 -63 4
-67 46 56 2
-70 41 58 2
28 70 -55 4
-20 70 -80 4
19 69 -24 4
13 70 -88 4
-29 71 -84 4
-28 71 -81 4
-38 66 2 0
